2015    5   17   18    6   26        29.9558    0.122795     67.9498      305606     43.4393   0.0384256     97.6368      833764     78.8314   0.0905719     85.5234      356443       0.127508      0.0172283        15.7752
2015    5   15   12   36   30        29.9484    0.134141     135.039     94541.2     43.4025    0.052372     141.709      261725     78.7693    0.102284     128.652      118081       0.139867      0.0342604        16.9841
2015    5   15    5    3   10        29.9571    0.129617     64.7023     47476.7     43.4497     0.04088     73.8485      157129     78.8254    0.097955     66.6707     55504.4       0.134188      0.0215708        15.2003
2015    5   14   19   11    2        29.9353    0.119921     133.254     97253.9     43.4359   0.0511324     144.167      221159     78.7997    0.108675     131.573      112408       0.122176      0.0454814        11.8913
2015    5   14   19    0   56        29.9713    0.123748     73.3083     55957.6     43.4662   0.0482833     93.4306      155708      78.829   0.0876031     87.3963     75677.8       0.130411      0.0252548        18.7623
2015    5   14   18   50   39        29.9547     0.12288     64.2681       40502     43.4657   0.0534638     65.7309      108983     78.8039    0.100579       61.78     54507.7       0.127466      0.0413549        16.3218
2015    5   14   18   46   45        29.9136    0.124267     54.2735     45217.9      43.398   0.0474512     63.2086     97248.9     78.8235   0.0970503     60.7469     51754.2       0.128968      0.0325762         16.051
2015    5   14   18   29   58        29.9359   0.0287182     68.5114      180336      43.459   0.0483606      66.278      107780     78.8309   0.0358941     67.8857      116784      0.0527897      0.0194095        64.4593
2015    5   14   17   59   41        29.9333     0.12408     94.9856     62049.7     43.4571    0.109383     101.454     61028.9     78.8695   0.0818377     105.689     76349.6       0.155414      0.0566325         40.286
2015    5   14   17   56    4        29.7344   0.0270818     2.05041     26919.2     43.4967    0.115899     96.1442     52879.2     78.7619   0.0840212     97.7681     76115.3      -0.707107      -0.707107        165.384
2015    5   14    1   12   15        29.9144   0.0970397     166.128      112148     43.4184   0.0585307     171.507      206500     78.8009   0.0662239     165.958      197522       0.107718       0.035204        27.3432
2015    5   13   16   49   44        30.0174    0.131261     154.208       97739     43.3817   0.0597487     175.841      192199     78.8214   0.0734642     166.407      181868       0.143851      0.0103091        24.2159
2015    5   13   16   33   31        29.8949     0.12809     63.2505     38540.5     43.4929   0.0570998     74.7731     83929.5     78.8148   0.0705125      74.206     70366.9        0.14033            nan        24.0919
2015    5   13   16   22   31        30.0188    0.072985     59.0345     60497.4     43.4165   0.0406519     64.8779     84554.6     78.8344   0.0383919     61.7622      116211      0.0824569      0.0134253        28.1408
2015    5   13   16   10   38        30.0435    0.126956     55.5116     37298.1     43.3747   0.0811362     60.3524     66115.3     78.7998    0.103187     59.1813     48883.5       0.137967      0.0605484        25.8273
2015    5   13   16    6   51        29.8306   0.0833828     14.6477     34097.2     43.4099   0.0638111     73.3708     71087.9     78.7765    0.107186     64.8803     49206.8      0.0834942      0.0636653       -4.57864
2015    5   12   17    8   53         29.923    0.124698     62.9544     47514.3     43.3987   0.0451081     70.5827      135412     78.7446   0.0900055     66.8255     55006.8       0.130565      0.0231754        17.5286
2015    5   12   17    4   54        29.7375   0.0353145     7.64065     14789.6     43.4036   0.0461318      73.017     95457.5     78.7349   0.0919002     66.8842     56934.7      -0.707107      -0.707107        220.071
2015    5   12    0   21   44        29.9483    0.113236     70.3225     53380.3     43.4346   0.0634074     72.5624      103928     78.7182   0.0771234     67.2688     75280.6       0.124195      0.0376614        25.5327
2015    5   12    0   18   18        29.9872   0.0482696     22.6636     12405.9     43.3146   0.0612921      68.574      103037      78.661   0.0770722      64.098     68245.7      0.0613228      0.0482307        87.0676
2015    5   12    0   10   28        29.5666   0.0710935     71.8287     93007.7     43.2759   0.0403811     75.2442      129985     78.6999    0.050078     73.4715      105173      0.0777361      0.0253379        25.3306
2015    5   11   23   59   53        29.9145   0.0320668     79.4333      182100     43.4297   0.0418163     81.9088      130306     78.7631   0.0271595     81.8705      201858      0.0496972      0.0175236        54.7274
2015    5   11   23   51   49        29.8876   0.0312475     79.4977      189428     43.3857   0.0406691     82.3856      141587     78.7229   0.0251934     81.0332      220908      0.0486721      0.0161682        54.3766
2015    5   11   23   35    2        29.8636    0.140931     62.5297     40364.3     43.3554   0.0779551     68.4714     91564.3     78.7622   0.0989992     66.8692       53866       0.153562      0.0485537        24.7483
2015    5   11   19   14   43        29.9038    0.169436     22386.3     47314.2     43.3637   0.0638733     22905.2      119109     78.7493    0.115417     23419.8     61406.5       0.179139      0.0264099        19.1619
2015    5   11   18   51    9        29.8938    0.152448     73.6465     43403.3     43.3652    0.065571     81.4126      104018     78.7001      0.0993      6.8067     60260.6       0.163478      0.0285493        21.5136
2015    5   11   18   42    3        29.9126    0.147133     57.8595     32965.7     43.3725   0.0371326     58.2307      154003     78.6764    0.109971     55.0463     42786.1       0.151752            nan        14.1713
2015    5   11   18   33   53        29.8639    0.156482     50.5819     30910.1     43.2736   0.0702121     53.3768     58896.4     78.6552    0.106467     52.3246     40598.5       0.167408      0.0372945        21.3774
2015    5   11   18   28    4        29.9109     0.15872      56.462     36330.9     43.2561   0.0820645     64.0041     78617.9      78.622   0.0912756     1.57126     48690.9       0.175903      0.0313818        25.9829
2015    5   11   18   21   26        29.9372    0.152989     62.2862     39498.7     43.2851   0.0701662     73.5714     79454.5     78.6344    0.110191     65.9185       51239        0.16263      0.0433619        20.6059
2015    5    9   23   52   51        30.1215    0.161227     59.3411     30171.4     43.4244   0.0661932     62.8974     67966.7     78.7347     0.10686     56.0523     39364.3       0.171935      0.0285265        20.6272
2015    5    9   23   45   23        29.8918    0.270053       75.48     19599.9     43.4257    0.106009     89.2119     50943.1     78.7545    0.179202     84.7235     30671.9       0.287127      0.0415295        20.0784
2015    5    9   23   22   48        29.8813   0.0723771     66.6231     76768.5     43.3755   0.0579174     70.9857       95041       78.76   0.0559607     67.5914     92455.6      0.0847644      0.0375217        35.4834
2015    5    9   22   24   42        29.9659    0.394188      418.25     21821.3     43.4354    0.204707     531.796     40092.1     78.8296    0.268258     583.667     28092.9       0.427994       0.118786        23.9201
2015    5    9   21   55   27        29.9262    0.383892     450.852       16409     43.4719    0.199695     572.406     32106.8     78.7882    0.272109     391.518     23568.4       0.414345       0.124777        23.2413
2015    5    6    4   54    6        29.9776    0.379186     34.2917     13012.2     43.4484   0.0456373     55.7392      106464     78.8423    0.279232     48.3746       16868       0.389224            nan        12.8006
2015    5    5   18   34   55        29.9992    0.426687     48.1954       14059       43.47   0.0498905     63.3366      150657     78.7707    0.319522     58.0815     18667.7       0.437121            nan        12.3319
2015    5    5    5    1    9        29.9376    0.330896     59.2813     20532.4     43.4954   0.0332982       82.26      221007     78.8258    0.254119     69.1231     26502.7       0.337899            nan        11.5041
2015    5    4   19   51   28        29.9811    0.341628     58.8292     16797.9      43.492   0.0270586     87.3243      185664     78.8658    0.247206     73.3221     20949.9       0.350981            nan        12.9531
2015    5    4    0   27   38        30.0574     0.45546      39.611       16523     43.4469   0.0546145     66.8395      123097     78.8344    0.327844      59.445     19859.4        0.46869            nan        13.3625
2015    5    4    0   23   32        26.8107    0.687718 5.00726e-10     24550.5     43.4534   0.0594588      75.375      128848     78.7781    0.372496     60.9246       15792       0.726218            nan        17.8671
2015    5    3   20    4   20        29.9409    0.355503     52.3052     22568.3     43.4298   0.0371232     79.1083      239574     78.8474    0.266185     68.2476       29206       0.364079            nan        12.2383
